*parameter
projectile_mass = 0.2 <= 0.20000000000000001>
cw_mass = 209.984688518 <= 209.98468851800001>
sling_x = 0.107420516717 <= 0.10742051671699999>
sling_y = -0.707106781187 <= -0.70710678118699999>
sling_end_x = -0.707106781187 <= -0.70710678118699999>
sling_end_y = -0.707106781187 <= -0.70710678118699999>
cw_end_x = 0.0615327470794 <= 0.061532747079399999>
cw_end_y = 0.0615327470794 <= 0.061532747079399999>
cw_x = 0.0615327470794 <= 0.061532747079399999>
cw_y = -0.127984140475 <= -0.12798414047500001>
